0001 10 10 10
0002 12 12 12
0003 14 21 18
0004 12 18 11
0005 10 8 12
0006 15 12 14
0007 15 15 15
0008 20 12 12
0009 8 15 10
0010 10 8 12
0011 34 12 8
0013 22 11 10
0014 15 22 16
0015 28 33 12
0016 12 21 15
0017 9 24 18
0018 23 15 6
0019 0 24 12
0020 14 8 16
0021 16 3 14
0022 11 16 22
0023 8 22 12
0024 5 15 15
0025 24 12 10
0026 12 14 8
0027 10 20 15
0028 25 4 12
0029 7 17 18
0030 11 12 14
0031 21 10 22
0032 6 15 16
0033 12 11 18
0034 12 10 10
0035 5 16 15
0036 24 10 18
0003 10 12 14
0001 15 18 0
