0001 10 10 10
0002 12 12 12
0003 14 21 8
0004 12 8 11
0005 10 8 12
0006 15 12 14
0007 15 15 15
0008 10 12 12
0009 8 15 10
0010 10 8 12
0011 14 12 8
0013 12 11 10
0014 15 12 16
0015 8 13 12
0016 12 21 15
0017 9 4 8
0018 23 15 6
0019 0 4 2
0020 14 8 6
0021 16 3 14
0022 11 16 22
0023 8 12 12
0024 5 15 15
0025 14 12 10
0026 12 14 8
0027 10 10 15
0028 5 4 2
0029 7 7 8
0030 11 12 14
0031 11 10 22
0032 6 5 6
0033 12 11 18
0034 12 10 10
0035 5 16 15
0036 14 10 18
0037 10 13 23
0038 12 8 5
0039 16 14 18
0040 6 6 10
0041 7 11 12